1239543
1675472
2105104
134434
1749540
1602405
636068
66934
3119683
3717392
1744369
1272090
998624
3411492
3353760
3727993
2635480
1345759
3574015
496685
3018062
2317120
700312
1086237
2961558
3694378
246507
2093804
2118590
3401804
3323754
571905
129124
2497660
202634
3613839
1917565
2701435
2071602
478514
3626245
3657625
773381
2390527
203732
2935760
3631807
753855
3985994
1583851
524670
505639
2051686
1565868
1548334
2815738
3368997
3986891
210020
2531680
518223
1594359
720751
1725058
3221299
440809
470522
3313533
1627670
2143138
3215933
2189426
3859723
60723
1437394
3787250
1819812
1825228
3613476
3199161
2955800
3425611
3567953
3390438
3878561
2172856
2553449
740296
14950
2581995
540159
3869300
605102
2779193
3135740
2357012
579961
2869605
743506
1941181
3121131
1824386
3971830
2720070
1892363
923813
3490521
3904335
2787352
2465611
3698072
3031035
1733689
2239254
2517499
3956631
3541247
3848069
3703430
1960985
2412159
1059907
460603
2708616
3987226
1769217
1951577
2059401
2880203
92535
3755793
1426027
441268
2747925
1421419
1835344
3468528
1641544
492978
2278930
3942962
1257778
3170448
115102
1126696
1281025
3248408
87777
3880454
881882
397554
3965132
3290882
2359307
1069580
1292236
1631346
520236
3614952
1548795
536567
3583910
3203004
1154742
405629
3084449
3441465
1153207
3613126
1527453
2632900
3788756
501495
3761772
672956
2331767
2923499
18737
2221256
1163550
1269997
143731
1644988
1665858
651105
3133991
702033
3011663
878045
2705646
3496467
2754998
2461312
981773
2543346
1525989
1231728
2215231
1916492
2155316
2915989
3140600
1006226
1867084
1994759
2133044
1202701
1649068
1711220
1615124
3444027
3171049
3859837
3822422
2851005
2810583
1486486
279552
1568759
1519654
3550506
513857
2685206
2094441
851794
1637680
138008
1588374
2861847
2631666
2011553
3434845
2727834
2390935
2775795
1841615
724526
3203128
3453942
226631
144398
723836
2240171
3504064
2778594
1737125
3038349
1954450
53803
3499637
1031605
2085684
94020
1739936
2999700
1424771
710991
2012247
2736576
945195
3020079
2587491
849073
1856829
2112929
2419780
704444
1149518
2210013
242569
3304901
3744303
390245
1652217
3753133
1315738
1838608
2757058
3418149
3752719
1230552
2080009
2611167
1444333
3852554
2028896
3533070
539010
978618
2069860
3952387
430160
3110130
332994
152017
2412282
1605419
3394804
1967580
302645
1111598
2672076
2210515
3289262
204487
4619
2438986
2471302
3972480
431051
733288
3638215
345092
3848184
3349162
3588967
3663759
1204641
963497
1405866
1251122
1794355
369268
3995357
2617241
3755968
2385902
514561
2128615
898127
17528
3021307
3697748
1620239
541905
2421571
1407124
743272
2947447
1824402
3757280
3270691
3389507
715753
1270232
520621
1815922
2713958
3945269
2034165
1880090
132497
3011572
993364
62059
1940312
3065671
3938554
3795949
1377116
198497
1902202
3757166
1976988
1511078
2850545
2227980
2364371
3689593
227123
746187
884258
3602047
1332130
3877497
210360
1817808
2894344
3175907
459410
280758
1238420
1237354
1525402
3018552
1381144
1809531
1590018
3991514
2231328
1464048
3778985
2816555
2460884
2443084
2468449
2032774
283370
327444
2582981
3390733
392661
2703968
627920
1880941
2792603
2799476
1010846
3095904
2179290
472520
2123319
561245
922951
3275834
2709228
3779104
1904460
1896204
80074
3910618
414206
569524
1987123
1772938
3605336
1990461
1425314
2627646
1297275
206439
2994088
78026
2961339
76896
528148
2034007
2050630
896936
1159411
569693
3451303
2623854
731228
3268161
1121859
3749465
2198814
1635859
779510
554730
1596530
2514349
2141570
1200144
1497976
1566412
675932
1363568
1301858
2685434
1500438
1349670
3262870
1820521
1026663
423880
2518503
2111913
1982047
1487601
2146824
2686712
2349697
3338042
2169330
1246404
2381589
3515252
1303657
3091362
1839048
2735812
3115482
3452420
427809
2930880
2331193
3756975
683052
2192393
3495682
1565551
2222002
2308410
110165
758860
21262
2232909
1377685
