strOfQMean:
2.0  31.54  31.46  34.32  35.88  38.456  38.188  38.776  38.976  37.532  38.912  39.26  39.696  40.032  38.652  37.864  37.016  39.296  38.732  40.02  39.26  38.884  39.416  39.0  38.348  39.64  39.904  39.74  39.088  38.236  39.064  38.84  39.264  39.06  38.648  40.06  40.072  39.276  38.948  38.472  39.188  39.452  38.916  39.08  38.568  39.388  39.248  40.092  39.58  39.72  39.364  38.856  39.336  38.544  39.132  39.096  39.392  38.192  39.316  38.184  39.676  37.872  39.108  38.388  39.516  38.952  38.996  37.328  38.984  39.596  38.644  38.844  38.18  39.12  37.084  36.54  37.528  34.728  37.128  37.74  39.2  37.26  38.52  38.444  36.656  38.104  38.092  38.812  39.304  39.236  38.956  39.216  38.836  37.932  38.14  38.972  38.996  38.756  38.78  39.1  38.18  38.26  38.772  37.48  38.068  38.1  37.768  38.624  39.388  38.888  38.58  38.228  38.644  38.696  38.624  36.168  37.768  38.404  38.428  36.78  36.892  38.204  38.328  37.0  37.32  37.284  37.332  37.74  37.86  38.224  36.86  37.96  36.104  35.888  35.732  36.86  35.672  36.072  37.16  37.264  36.54  35.708  35.764  32.96  34.468  35.532  33.5  33.112  34.924  34.2  -23.0
strOfQMedian:
2.0  32.0  32.0  37.0  37.0  41.0  41.0  41.0  41.0  41.0  41.0  41.0  41.0  41.0  41.0  41.0  41.0  41.0  41.0  41.0  41.0  41.0  41.0  41.0  41.0  41.0  41.0  41.0  41.0  41.0  41.0  41.0  41.0  41.0  41.0  41.0  41.0  41.0  41.0  41.0  41.0  41.0  41.0  41.0  41.0  41.0  41.0  41.0  41.0  41.0  41.0  41.0  41.0  41.0  41.0  41.0  41.0  41.0  41.0  41.0  41.0  41.0  41.0  41.0  41.0  41.0  41.0  41.0  41.0  41.0  41.0  41.0  41.0  41.0  41.0  41.0  41.0  37.0  41.0  41.0  41.0  41.0  41.0  41.0  41.0  41.0  41.0  41.0  41.0  41.0  41.0  41.0  41.0  41.0  41.0  41.0  41.0  41.0  41.0  41.0  41.0  41.0  41.0  41.0  41.0  41.0  41.0  41.0  41.0  41.0  41.0  41.0  41.0  41.0  41.0  41.0  41.0  41.0  41.0  41.0  41.0  41.0  41.0  41.0  41.0  41.0  41.0  41.0  41.0  41.0  41.0  41.0  41.0  41.0  41.0  41.0  41.0  37.0  41.0  41.0  41.0  37.0  41.0  37.0  37.0  41.0  37.0  37.0  37.0  37.0  -23.0

Distribution of quality score: 
0--5    0
10--15    0
15--20    0
20--25    0
25--30    0
30--35    0
35--40    234
40--45    16
45--50    0
5--10    0

CG distribution of over all reads: 
0.0% -- 10.0%    0
10.0% -- 20.0%    0
20.0% -- 30.0%    12
30.0% -- 40.0%    32
40.0% -- 50.0%    55
50.0% -- 60.0%    68
60.0% -- 70.0%    69
70.0% -- 80.0%    13
80.0% -- 90.0%    1
90.0% -- 100.0%    0
